76.461350639253993 350.466084000000023
76.532624892595564 351.018662000000006
76.564679782778057 352.968400000000031
76.506245611535064 354.955474000000038
76.567473082775209 355.152072000000032
76.563810350392927 355.446215000000052
76.640246307001519 355.702269000000058
76.655246045545169 356.033083000000033
76.661525042715326 356.233683000000042
76.661525042715326 356.499962000000039
76.629579763347721 356.784915000000012
76.743803664932045 357.303413000000035
76.822235527768186 357.886652000000026
76.822235527768186 358.369416999999999
76.776461109524803 360.267899999999997
76.746756931940695 361.636311999999975
76.746756931940695 361.819704000000002
76.842556595141588 362.170021000000020
76.839756752856516 362.866847000000007
76.890027689250616 363.001868999999999
76.890027689250616 364.203220999999985
76.846303527239598 365.062594999999988
76.853106137330343 365.559507999999994
76.896712746519341 365.687005999999997
76.897138757631879 366.027304000000015
76.822199181843558 366.856029000000035
76.823978935393029 367.485531000000037
76.909058191004320 367.892989000000057
76.909058191004320 368.711800000000039
76.969292757840577 368.753505000000018
76.969292757840577 369.790883000000008
76.969292757840577 369.945920000000001
76.969292757840577 370.489883000000020
76.961321791375497 371.111015000000009
77.090870997571216 371.653180000000020
77.158983903823128 372.370224000000007
77.166026975802794 374.648318000000017
77.166772571586179 375.056250000000034
77.166772571586179 375.209895000000017
77.166772571586179 375.428446000000008
77.166772571586179 375.553062000000011
77.171194359131675 377.683066999999994
77.174428895144700 378.303801000000021
77.206777659340133 380.583855000000028
77.221013242152935 380.908840000000055
77.221013242152935 381.484828000000050
77.198946328725668 382.307955000000049
77.261191000133010 382.417562000000032
77.261191000133010 382.543003000000056
77.269905766826525 383.383232000000078
77.269905766826525 383.986624000000063
77.262342089163440 384.593755000000044
77.262342089163440 384.901655000000062
77.376776137499945 385.211086000000080
77.304693601838721 385.460695000000101
77.207070322211990 386.979865000000075
77.092319232036104 387.273580000000095
77.031926552043842 387.436974000000077
76.987846222994790 389.585207000000082
76.913173322482578 393.202796000000092
76.937871438254746 394.036629000000119
76.943297241756056 395.114709000000119
76.918564184496972 396.705970000000093
77.038362412169874 397.089084000000071
77.066527882736295 398.224487000000067
77.066527882736295 399.152823000000069
77.098553835553588 399.458058000000051
76.946463934057732 401.569603000000029
76.918422437129152 402.635203000000047
76.920718687354366 402.670016000000032
76.972286191172344 402.995612000000051
76.972708514287291 403.163286000000028
76.972708514287291 403.252947000000006
76.954558357858872 403.517247999999995
76.954558357858872 403.585149999999999
76.973987964552521 404.003201999999987
76.800394956316524 404.119692999999984
76.801034771543669 404.770028999999965
77.046507694522234 404.969940999999949
77.058117271612758 406.015410999999972
77.062660384916853 406.521162999999945
77.076438535949137 407.440930999999921
77.080825174250492 407.486671999999942
77.080825174250492 407.620177999999953
77.099873415275653 407.817018999999959
77.026285819280446 408.185485999999969
77.042641810764223 408.783942999999965
76.971848549999521 409.169968999999980
76.927758968326359 409.851601999999957
76.893815443396562 410.837028999999973
76.893815443396562 411.238347999999974
76.905402290275418 411.352968999999973
76.899259520435891 411.389958999999976
76.899259520435891 411.536022000000003
77.029275282951289 412.435915000000023
76.896155821501168 413.776978000000042
76.920195657314082 415.031454000000053
76.920195657314082 415.762745000000052
76.904144621120849 416.263651000000038
76.904144621120849 417.035354000000041
76.904144621120849 417.395011000000068
76.519162425767803 417.945424000000060
76.519162425767803 418.931056000000069
76.519162425767803 419.541755000000080
76.519162425767803 420.433638000000087
76.363586142501447 420.763864000000069
76.391505079125494 421.585397000000057
76.229276826707604 422.151027000000056
76.238315969137432 424.218625000000031
75.988596722532520 424.562608000000012
75.999732272224577 425.185913000000028
76.006099150994856 425.829179000000011
75.983389900499162 426.669712000000004
75.760571150614851 427.668148000000031
75.763331422446811 428.652691000000004
75.770001138051583 429.859971000000030
75.776825281354348 432.485492000000022
75.831220928394885 432.585690999999997
75.880383365099405 433.648107999999979
75.880383365099405 436.731190999999967
75.880383365099405 437.479433999999969
75.880383365099405 438.669177999999988
75.953579580815045 439.375156000000004
75.973635630258599 441.281012000000032
75.973635630258599 442.782151000000056
75.976605415780341 446.950692000000060
75.976605415780341 447.627114000000063
75.976605415780341 448.110367000000053
75.992724652864126 448.218025000000068
75.992724652864126 448.669667000000061
76.064545960997179 448.785960000000046
76.066137630672500 449.218266000000028
76.066137630672500 453.768348000000003
76.066137630672500 454.601901999999995
76.066137630672500 454.836446000000024
76.066137630672500 455.269666000000029
76.066137630672500 456.684975000000009
76.066137630672500 457.653075999999999
76.073160996879352 458.083111999999971
76.073160996879352 459.546874999999943
76.073160996879352 460.154941999999949
76.073160996879352 460.386572999999942
76.076632619803817 460.901117999999940
76.086425525794738 461.282068999999922
76.086425525794738 462.053036999999904
76.086425525794738 462.953035999999884
76.092158249762690 465.335018999999875
76.092158249762690 465.802298999999891
76.092158249762690 466.570400999999890
999999.000000000000000 466.969858999999872
999999.000000000000000 468.835631999999862
999999.000000000000000 470.085411999999849
