part q_max time 
100 19.5421 2.67045
100 20.9768 0
100 15.2874 0
100 16.9048 0
100 15.342 5.19753
100 14.3527 1.98544
100 14.5248 0
100 1 0
100 1.19579 0.297295
100 10.388 0
100 16.7107 0
100 19.6828 12.0466
100 12.704 2.27441
100 15.7003 0.577224
100 12.3634 3.80221
100 8.90674 0
100 12.9004 3.79547
100 11.3805 0
100 6.78068 5.82148
100 24.671 18.3129
100 6.73179 0
100 1 0
100 3.34587 0
100 7.21799 9.44245
100 11.2068 0
100 9.76706 1.24925
100 18.9362 0
100 17.2315 8.26852
100 10.8898 0
100 9.41258 0.944905
100 14.7271 0.743719
100 8.16002 0.687156
100 14.6785 0
100 19.0861 1.30244
100 12.883 0.215381
100 4.34719 0
100 8.99461 0
100 12.0744 8.28838
100 6.10234 7.22297
100 4.32829 3.64974
100 18.3835 0
100 10.6101 9.37643
100 17.4457 0
100 5.47635 1.90145
100 22.1622 9.44912
100 15.7933 0
100 8.45956 5.49644
100 6.93325 0
100 7.75272 11.3584
100 14.6003 0
100 8.09023 0
100 1.23539 0
100 10.1409 0
100 22.7467 7.3236
100 14.825 0
100 4.98218 0
100 10.734 0
100 18.6732 5.98062
100 9.1054 0
100 14.0114 3.90241
100 13.0129 3.87596
100 10.1687 23.633
100 8.42679 0
100 14.9989 9.05736
100 16.863 0
100 14.4002 40.9764
100 7.19717 0
100 11.6171 2.63924
100 14.1688 0.309706
100 10.1174 0
100 16.437 1.6468
100 17.9241 6.46424
100 9.32699 0
100 17.8119 20.3823
100 1.66963 14.0058
100 6.49369 2.89549
100 11.7999 0
100 2.48491 0
100 25.583 3.57151
100 4.40893 4.15152
100 6.20921 2.42941
100 6.46768 0
100 11.4834 0
100 3.91141 4.05246
100 13.0022 40.3533
100 11.3421 0
100 1.35301 0
100 1 0
100 5.18139 0
100 1.63075 0
100 11.7893 1.01056
100 1 5.18187
100 18.9619 0
100 16.118 4.60129
100 13.2011 0.96331
100 16.6053 51.7358
100 1 37.6862
100 10.6546 0
100 8.2389 0
100 11.6803 32.2383
100 12.4207 67.0507
100 6.16779 44.2566
100 21.2641 0
100 13.0688 15.3342
100 6.14926 1.39699
100 1 0
100 14.0694 3.35356
100 10.5151 1.70256
100 10.6891 5.06895
100 5.55671 5.51621
100 10.2067 0
100 10.7413 0.979037
100 12.9262 0
100 11.4825 35.1325
100 12.0814 0
100 3.27902 0
100 7.94609 0
100 11.6662 28.3598
100 1 76.2293
100 1.65597 6.11665
100 1 69.2657
100 9.23666 0
100 10.4725 5.78892
100 5.66173 0
100 8.01723 0
100 18.1135 5.2287
100 17.834 0
100 12.3651 16.216
100 3.50399 0
100 12.9233 10.9642
100 15.4198 0
100 1 0
100 7.68873 0
100 11.3534 6.33241
100 17.214 0
100 6.84176 0
100 20.6777 5.34252
100 1 0
100 1.23191 0
100 9.11312 47.5119
100 7.19177 32.4851
100 5.19472 22.4034
100 1 21.5568
100 24.9601 0
100 16.8603 1.99747
100 16.0091 0
100 12.7227 3.08217
100 14.4916 2.3965
100 8.63625 94.1725
100 8.07238 51.1699
100 15.5681 0
100 7.08551 0
100 12.5231 0.518901
100 1 0
100 13.3917 1.27635
100 4.19323 10.5832
100 13.3373 0
100 8.57519 10.6423
100 10.7752 7.12719
100 12.8636 0
100 4.54712 0
100 6.91462 1.88984
100 7.57365 1.40089
100 16.2213 0
100 12.2489 7.18696
100 3.77131 3.04765
100 18.2531 0
100 10.5175 1.50045
100 14.6186 8.97757
100 16.5277 0
100 5.7827 0.493897
100 12.3795 0.141793
100 3.76026 0
100 7.75372 0.703119
100 7.57711 0
100 9.47312 0.679016
100 5.86129 0
100 3.61986 0
100 10.3634 1.83588
100 9.861 0
100 14.0649 0
100 12.8156 13.2431
100 5.99919 9.08741
100 10.8942 0
100 2.06657 0
100 13.6059 2.94501
100 16.8053 3.29966
100 18.5527 0
100 15.2428 6.99117
100 5.49883 0
100 9.89682 2.49627
100 1.73131 0
100 6.6019 10.0165
100 2.70265 0
100 4.96023 0
100 4.2272 0
100 22.3736 10.9981
100 14.7489 4.37997
100 16.7673 7.03253
100 11.895 0
100 12.9769 10.331
100 1 0
100 7.76996 0
100 1.19667 0
100 12.3358 5.68136
100 6.43067 0
100 8.40367 49.1458
100 5.13812 0
100 10.9837 38.9631
100 10.7376 108.359
100 29.5525 0
100 6.28475 1.93304
100 5.04088 3.48726
100 5.14914 8.49095
100 9.73353 0
100 8.64574 2.09073
100 1 10.3351
100 8.04385 18.1303
100 9.30337 0
100 8.54007 4.26884
100 10.488 0
100 10.2384 0
100 2.23447 0
100 6.15083 0
100 15.1827 7.46114
100 3.77545 0
100 3.19301 0
100 8.98335 13.8786
100 6.42775 0
100 8.21192 11.1826
100 2.8469 6.70506
100 7.63783 15.8083
100 12.8519 0
100 1.81258 0
100 5.19537 0
100 12.8205 6.937
100 9.80674 20.559
100 17.6055 0
100 3.22923 0
100 5.26597 6.01216
100 12.7337 0
100 14.2678 12.7201
100 3.16685 0
100 6.50619 5.7427
100 9.47219 0
100 13.174 16.8649
100 12.4852 0
100 4.2683 11.4018
100 6.81644 10.4623
100 27.575 0
100 8.1905 5.12669
100 13.3352 8.77614
100 18.4974 0
100 4.82484 0
100 1 1.00234
100 18.1313 39.168
100 3.37124 0
100 9.08736 39.7448
100 13.3634 0
100 1 0
100 10.9216 42.4895
100 9.9312 0
100 1 0
100 13.1218 19.8452
100 8.8799 0
100 6.72022 12.9261
100 4.61881 0
100 9.35624 0
100 9.7591 28.9208
100 14.4477 0
100 1 0
100 15.353 21.6589
100 1 0.655718
100 15.9178 0
100 20.5019 1.53659
100 9.45375 4.606
100 1 2.52154
100 13.8782 0.114983
100 3.44871 36.4224
100 13.6475 0
100 13.8259 3.08041
100 8.15159 0
100 10.9844 66.47
100 15.7594 71.6022
100 18.6138 0
100 12.3746 104.383
100 2.35071 7.50587
100 23.1804 0
100 11.362 0
100 14.6008 7.14089
100 8.44537 103.182
100 20.8465 0
44.394 19.9981 120
100 11.262 86.2005
100 15.8897 0
100 17.088 3.48171
100 15.3208 0
100 8.63017 13.1855
100 2.12468 70.6428
100 10.9218 0
100 17.7793 7.29284
100 9.04372 0
100 4.9121 0
100 15.2194 6.5085
100 21.8901 0
100 2.77731 1.06561
100 10.4008 0
100 14.3916 8.17398
100 9.9996 0
100 15.9879 0.332668
100 18.2565 0.493527
100 13.8525 0.182855
100 6.19436 0
100 13.9708 9.65392
100 8.31169 9.96634
100 15.3631 0
100 4.50983 33.0874
100 6.95072 0
100 1 18.995
100 5.5901 0
100 9.68553 3.71763
100 11.6434 5.14499
100 1 0
100 24.029 13.4414
100 10.3199 3.80407
100 15.2342 0
100 13.8885 2.61267
100 7.04861 6.60298
100 8.27561 0.201187
100 4.67573 0
100 8.35105 0
100 15.5376 0.669521
100 8.34378 1.00092
100 14.4062 81.623
100 18.0738 0
100 5.86324 0
100 1 0
100 12.665 43.3312
100 17.5204 0
100 9.73841 3.61722
100 1 96.7001
100 1 88.5867
100 5.70741 32.2968
100 13.3596 0
100 10.6774 7.5075
100 2.51934 3.54882
100 1 0
100 15.7794 1.40204
100 17.7184 0
100 13.7272 2.13573
100 9.00338 1.36214
100 12.3766 0.144452
100 8.22673 0
100 5.35062 116.011
100 10.0323 0
100 12.099 5.48793
100 1 36.2766
100 11.3302 0
100 9.46386 0.710412
100 9.97284 8.32143
100 16.3175 5.91243
100 5.36231 0
100 10.5723 0
100 16.917 6.59487
100 8.38232 0
100 14.1337 0
100 5.48834 7.28684
100 9.48163 5.78014
100 17.8251 0
100 15.5538 4.54385
100 8.26526 0
100 12.339 2.51993
100 15.7453 0.355436
100 23.0654 10.2601
100 1 25.5379
100 11.4129 0
100 1 1.32374
100 20.1781 0
100 6.91814 0
100 23.4498 2.52874
100 10.0103 0
100 12.1733 0
100 2.38887 0
100 14.7128 6.01159
100 15.6261 0
100 18.3014 28.9721
100 5.3919 29.3181
100 12.2744 0
100 1 0
100 1 0
100 14.255 5.63619
100 12.5846 0
100 6.49631 6.10778
100 11.5124 0
100 5.17758 0
100 2.46677 2.40937
100 10.305 0
100 11.1211 0
100 13.6968 33.339
100 4.2611 39.3984
100 9.82188 0
100 1 0
100 5.35329 0
100 13.4045 33.8826
100 18.0807 0
100 24.6541 5.74369
100 5.54125 3.01334
100 1 0.748126
100 7.33846 0
100 14.5188 1.0241
100 6.27482 0.619046
100 13.0397 0.733777
100 7.4195 0
100 1 0
100 1.48386 0.357603
100 12.4855 40.1995
100 1 13.812
100 6.41028 0
100 10.4023 1.67666
100 12.1004 0
100 7.66862 16.4966
100 1 11.0098
100 5.22976 23.6556
100 6.00585 12.6208
100 9.67091 0
100 1.36041 0
100 1 0
100 1 0
100 18.3938 5.74028
100 13.4464 0
100 3.32094 0
100 19.2751 7.1815
100 10.5326 0
100 8.31553 0
100 13.4585 9.27806
100 6.10945 0
100 8.56689 15.0165
100 15.7356 0
100 28.1397 4.2792
100 13.2476 0
100 2.59166 0
100 12.8897 0
100 14.1666 2.97159
100 10.5369 0.102572
100 9.85461 1.10118
100 9.4479 0
100 3.25062 0
100 12.3289 3.55843
100 3.50503 0
100 1 0.251235
100 2.86931 0
100 10.8828 2.45112
100 13.7689 0
100 12.6029 27.6058
100 3.39839 31.6359
100 3.20066 0
100 5.26355 6.02336
100 12.769 0
100 11.541 3.66335
100 11.0125 0
100 17.5233 7.44157
100 8.25436 1.94967
100 21.7983 0
100 15.1593 3.9009
100 6.37581 0
100 1.28257 0
100 1.20098 0
100 4.7274 2.34079
100 23.1813 64.7215
100 11.8367 0
100 1.65266 0
100 1 0
100 7.53633 63.6026
100 13.6702 44.3522
100 6.53091 22.6715
100 27.7234 0
28.791 9.91124 120
0 14.4032 120
0 8.89659 120
58.877 10.3528 120
0 8.85451 120
16.284 17.7222 120
0 7.92074 120
0 11.1856 120
0 8.54589 120
0 7.45749 120
0 11.8106 120
0 15.2022 120
71.403 17.5626 120
0 7.65457 120
0 6.36234 120
0 11.2267 120
0 14.0507 120
0 12.6055 120
0 1 120
0 17.9166 120
0 13.7349 120
0 13.0587 120
0 8.46881 120
54.558 8.77263 120
0 17.7142 120
0 18.9611 120
0 16.1387 120
0 17.7437 120
0 14.4631 120
0 4.39397 120
0 9.62412 120
82.626 8.37281 120
0 3.99751 120
0 1 120
0 5.70745 120
16.159 30.2773 120
0 9.5592 120
0 9.52552 120
0 2.60481 120
0 10.1564 120
0 1.10835 120
0 9.51509 120
0 15.9156 120
0 10.5678 120
0 1.86911 120
0 9.18514 120
0 11.0801 120
0 11.3022 120
0 10.7276 120
61.603 9.07431 120
0 19.7152 120
0 4.14384 120
0 8.95885 120
0 11.1834 120
0 13.8964 120
0 11.416 120
99.395 15.5535 120
0 13.3438 120
0 10.7965 120
21.647 28.4133 120
0 11.0579 120
62.778 12.8932 120
0 12.803 120
0 9.54005 120
0 12.1549 120
0 8.39315 120
0 1 120
0 10.2249 120
0 1 120
0 16.2514 120
67.245 7.95936 120
0 12.7791 120
0 4.22901 120
0 14.1146 120
0 11.4873 120
0 7.37417 120
93.095 12.3351 120
0 12.0048 120
0 14.6914 120
0 8.0275 120
0 17.8007 120
0 7.9009 120
0 14.6617 120
0 15.2468 120
75.822 4.40956 120
0 6.71431 120
0 9.78508 120
0 14.9063 120
0 3.35237 120
0 10.4268 120
0 8.58302 120
0 5.1873 120
0 3.80482 120
0 4.98192 120
0 9.7643 120
0 7.89856 120
0 13.4248 120
0 14.9191 120
0 15.1685 120
0 11.102 120