part q_max time 
100.025 16.9048 60.0297
100.017 1 60.0106
100.016 10.388 60.1976
100.012 8.90674 60.184
100.025 6.73179 60.3669
100.023 1 60.1213
100.036 11.3805 61.7779
100.013 3.34587 60.0115
100.023 15.2874 72.5823
100.023 16.7107 66.7299
100.087 15.7003 66.284
100.005 11.2068 61.9229
100.033 14.5248 74.0081
100.025 10.8898 60.8086
100.015 18.9362 61.3926
100.011 14.6785 60.7527
100.023 12.883 60.5077
100.029 9.41258 63.4655
100.049 12.3634 77.3903
100.018 10.6101 64.4946
100.026 4.34719 60.5291
100.013 20.9768 94.447
100.017 22.1622 65.5561
100.011 8.99461 61.2565
100.013 18.3835 60.3542
100.014 17.4457 63.0988
100.003 6.93325 60.793
100.031 1.23539 60.2193
100.014 18.6732 60.6851
100.011 14.6003 61.7367
100.003 15.7933 62.4329
100.03 10.1409 60.2473
100.014 8.09023 61.6079
100.028 14.825 60.3614
100.001 4.98218 63.1392
100.007 10.734 65.004
100.026 8.42679 60.3983
100.001 11.6171 60.244
100.015 16.863 60.2222
100.025 7.19717 60.0492
100.013 9.1054 69.1023
100.007 13.0129 69.5531
0 11.102 120
100.016 9.32699 60.0287
0 19.5421 120
0.035 24.671 120
100.015 2.48491 60.0543
100.022 10.1174 64.0867
100.006 14.1688 65.3516
0.024 15.1685 120
100.003 25.583 63.6001
100.009 6.20921 60.2029
29.107 19.6828 120
100.023 3.91141 60.2033
71.682 15.342 120
100.004 11.7999 64.0186
100.003 11.4834 60.0592
0.074 9.78508 120
0.024 4.98192 120
49.99 14.3527 120
0 3.80482 120
0 13.4248 120
100.01 11.3421 61.7432
100.012 1.19579 118.8
48.837 7.21799 120
100.016 4.40893 73.3634
100.002 1.35301 63.5848
98.089 6.78068 120
100.009 1 62.5282
29.514 12.704 120
0.134 9.7643 120
0 12.9004 120
0 14.4002 120
100.019 6.46768 69.654
10.515 17.2315 120
10.531 12.4207 120
100.022 1.63075 61.7852
100.006 13.0688 69.6259
100.02 5.18139 65.2884
100.016 18.9619 61.48
100.025 13.2011 61.4872
100.01 10.6546 61.0713
100.018 8.2389 60.365
67.013 9.76706 120
100.025 21.2641 60.928
100.022 14.0694 60.5115
6.977 1 120
5.359 14.7271 120
2.653 8.16002 120
2.653 19.0861 120
14.448 13.0022 120
3.744 8.63625 120
0.841 4.40956 120
9.91 16.6053 120
0.017 10.1687 120
16.256 12.0744 120
11.009 7.75272 120
16.576 6.10234 120
2.908 1 120
8.582 4.32829 120
100.015 1 68.4821
2.346 6.71431 120
6.489 8.45956 120
3.212 22.7467 120
100.003 10.2067 63.2672
100.005 12.9262 62.0138
6.991 6.16779 120
100.011 12.0814 62.4496
10.422 5.47635 120
10.088 17.8119 120
0.545 14.9191 120
100.023 7.94609 60.0138
31.025 1 120
100.007 5.66173 60.0053
100.025 17.834 60.141
100.003 3.27902 63.6144
100.008 9.23666 62.1211
49.988 14.0114 120
100.008 3.50399 61.138
100.012 10.5151 78.5477
100.012 15.4198 60.0975
0.04 14.9989 120
100.022 8.01723 63.2275
23.597 1.66963 120
5.829 10.7376 120
100.003 1 60.1492
9.276 11.6803 120
100.004 12.8932 64.8397
27.991 17.9241 120
100.032 7.68873 63.772
100.006 1 60.1374
100.022 6.84176 61.0176
0.002 7.89856 120
57.798 16.437 120
100.023 24.9601 60.0329
10.756 6.49369 120
99.992 1.23191 61.3897
100.013 17.214 64.0889
0.164 15.2468 120
26.761 11.4825 120
0.217 12.3351 120
100.004 15.5681 60.0048
100.01 14.4916 62.5862
100.007 16.0091 65.4505
100.014 7.08551 60.0151
100.014 12.2489 62.1638
100.012 1 60.1893
100.021 12.8636 60.877
100.009 13.3373 61.478
0.407 12.0048 120
100.006 6.91462 60.8216
8.978 9.11312 120
100.017 7.57365 60.8419
100.019 12.5231 64.9043
4.876 8.07238 120
100.017 4.54712 61.17
100.012 18.2531 60.3747
100.004 16.2213 62.0952
100.011 10.5175 60.738
1.025 1 120
16.83 11.6662 120
1.302 16.118 120
100.028 12.3795 60.5036
100.019 16.5277 61.635
100.018 6.6019 61.2672
100.029 15.2428 60.4315
0.766 14.6914 120
100.022 7.57711 60.1293
100.013 10.3634 60.1226
3.99 11.7893 120
100.049 3.61986 60.0573
100.01 13.6059 60.0076
100.012 10.8942 60.0258
100.012 2.06657 60.0085
1.169 6.14926 120
100.004 5.86129 63.8207
100.016 1.73131 60.1412
100.004 9.861 65.0127
100.003 14.0649 64.5852
100.017 18.5527 62.1344
11.998 7.19177 120
100.003 2.70265 61.0156
0 17.8007 120
100.128 4.2272 60.8316
8.64 12.3651 120
16.82 5.55671 120
100.004 12.9769 65.1146
49.869 10.6891 120
0 7.9009 120
0 7.95936 120
100.004 4.96023 63.7082
100.052 16.7673 64.9556
100.018 5.49883 67.8761
100.018 14.7489 63.7788
100.016 11.895 60.9316
100.011 8.04385 71.6736
16.315 10.7413 120
0.016 12.9233 120
100.022 1.19667 60.4286
100.006 6.43067 60.4938
100.025 1 61.2502
100.009 7.76996 61.3445
21.925 5.19472 120
19.052 1 120
0.056 1 120
0.056 9.07188 120
100.003 5.13812 61.1252
40.815 1.65597 120
100.005 29.5525 61.0747
0.077 10.4725 120
0.071 18.1135 120
100.027 9.73353 60.3526
100.028 9.80674 60.757
100.013 7.63783 60.5162
100.024 18.1313 62.3909
100.007 9.08736 62.3728
10.104 19.9981 120
100.012 8.98335 60.3044
100.024 9.30337 60.1076
100.007 5.04088 66.8567
23.687 8.40367 120
0.173 5.1873 120
14.287 11.3534 120
0.5 11.4873 120
0.642 7.37417 120
27.342 20.6777 120
0.973 12.7791 120
5.043 12.3746 120
100.013 10.488 64.2686
1.933 9.54005 120
100.022 6.15083 60.366
100.008 10.2384 64.1138
4.252 10.2249 120
9.133 8.44537 120
15.563 16.8603 120
17.158 10.9837 120
1.592 14.9063 120
15.54 12.7227 120
100.013 3.77545 64.2415
4.956 4.19323 120
4.959 8.57519 120
100.033 6.42775 63.9059
100.02 3.22923 60.1196
100.005 2.23447 69.2094
100.049 3.19301 66.8534
100.029 12.7337 60.0549
4.552 10.7752 120
14.453 14.6186 120
100.005 5.19537 70.3618
100.004 12.8519 71.8256
7.603 13.3917 120
100.005 9.47219 60.0045
3.659 12.8156 120
2.465 1 120
13.404 3.77131 120
100.008 18.4974 60.0053
4.684 12.1549 120
1.446 14.6617 120
100.03 4.82484 60.0776
3.474 5.99919 120
1.643 8.39315 120
21.806 11.262 120
0.926 5.7827 120
0.876 7.75372 120
2.676 3.76026 120
12.469 5.35062 120
0.452 9.47312 120
57.987 22.3736 120
100.032 10.3708 60.0288
100.017 27.575 70.2624
74.21 16.8053 120
100.003 3.16685 77.6556
100.05 3.37124 64.1868
73.551 9.89682 120
100.002 1 60.1642
0.043 3.35237 120
100.015 13.3634 66.7335
14.323 15.7594 120
0.5 14.1146 120
100.016 4.50983 71.2761
100.016 12.4852 78.168
100.02 9.9312 64.4899
1.947 1 120
100.003 1 60.0103
1.947 12.3358 120
11.26 1 120
26.951 10.9844 120
13.653 2.12468 120
3.137 5.14914 120
100.044 15.9178 60.098
100.02 13.8782 60.3215
100.02 8.8799 68.5718
100.011 9.07431 79.4058
100.019 14.4477 67.1587
2.209 6.28475 120
1.082 8.64574 120
100.004 13.6475 65.3664
100.009 11.362 60.0806
21.22 1 120
36.102 14.4062 120
100.002 4.61881 72.4763
39.454 10.9216 120
100.011 9.35624 72.526
100.014 8.15159 67.4428
100.016 15.3208 60.0498
0.018 28.4133 120
0 10.4268 120
100.016 20.8465 62.6559
100.005 24.029 60.7613
100.024 9.04372 60.0845
49.21 8.21192 120
0 1 120
94.943 8.54007 120
100.003 10.9218 63.8244
100.011 21.8901 60.0362
100.027 9.9996 60.0167
100.02 15.8897 65.0692
95.363 15.1827 120
100.027 6.19436 60.0407
100.026 15.3631 60.0787
46.934 2.8469 120
100.038 9.68553 60.1666
0.083 16.2514 120
0.005 8.0275 120
32.272 14.2678 120
100.012 5.5901 60.0094
31.573 13.174 120
47.58 12.8205 120
100.002 13.1218 107.876
100.007 13.8525 66.6535
99.986 1 59.9918
98.752 1.81258 120
0.72 5.26597 120
32.954 3.44871 120
99.998 7.04861 64.0301
100.008 4.9121 73.7688
100.021 6.81644 118.515
0.353 15.5535 120
98.268 4.2683 120
100.009 8.27561 60.0288
96.785 17.6055 120
100.006 8.34378 60.0395
100.025 15.5376 60.0315
56.491 9.7591 120
100.006 10.4008 76.4582
100.012 15.2342 63.3203
0.049 13.3352 120
84.313 6.50619 120
0 8.58302 120
100.015 4.67573 64.1989
100.033 1 109.573
0 13.3438 120
0 8.1905 120
100.001 20.5019 96.7106
0.002 11.0579 120
100.031 15.7794 60.0237
63.162 15.353 120
100.026 13.3596 62.8124
100.008 23.1804 92.9401
100.007 8.35105 70.3011
100.009 15.9879 85.1783
100.009 6.95072 83.6527
100.028 12.3766 60.0171
100.016 1 70.3029
0.03 12.803 120
31.709 6.72022 120
100.018 1 65.3721
100.02 8.22673 63.7823
100.005 9.46386 60.2572
100.019 10.0323 65.73
87.401 1 120
0 13.8964 120
100.006 17.7184 68.8823
0.002 4.22901 120
100.025 9.00338 69.0482
100.005 11.3302 65.7026
24.519 12.665 120
100.003 18.6138 106.022
0.012 10.7965 120
0.361 19.7152 120
100.004 10.5723 60.3509
100.011 8.38232 60.3467
100.018 15.5538 60.7185
0.301 4.14384 120
100.003 13.8885 90.5482
100.017 17.5204 82.7312
100.008 17.8251 60.0925
0.007 9.45375 120
31.023 8.63017 120
100.019 16.3175 71.0493
100.019 14.1337 62.6089
0.107 11.1834 120
84.989 13.8259 120
0.323 1 120
100.005 18.0738 89.2893
29.564 2.35071 120
87.197 1 120
0.078 11.416 120
100.005 5.36231 67.9932
0.28 1 120
100.008 15.7453 60.1158
96.688 14.6008 120
100.014 8.26526 63.4238
0 8.95885 120
100.014 10.6774 91.8725
100.018 1 60.3724
33.875 5.70741 120
100.004 23.4498 60.2674
100.013 6.91814 60.0149
0 17.7793 120
0 14.3916 120
0.108 17.088 120
100.004 12.339 67.4252
0.033 8.31169 120
0.015 13.9708 120
0.019 15.2194 120
17.821 1 120
100.011 15.6261 60.0104
60.426 2.77731 120
100.003 1 60.0024
100.003 11.4129 72.5116
100.026 1 60.0569
62.131 18.2565 120
100.002 20.1781 71.1533
31.479 9.16731 120
62.412 11.6434 120
100.017 12.5846 61.4707
100.017 11.5124 61.3435
100.018 5.17758 62.1308
100.023 10.305 61.2062
100.008 9.82188 60.3478
21.852 10.3199 120
100.019 12.1733 73.7825
100.006 2.38887 73.7637
100.014 1 60.9521
0.008 11.3022 120
100.02 5.35329 60.7567
100.022 18.0807 60.909
100.006 12.2744 73.3831
0 10.7276 120
100.002 11.1211 65.7525
100.016 5.54125 63.4713
0 11.0801 120
100.025 14.5188 60.9914
64.271 5.86324 120
100.004 7.4195 60.0531
49.235 9.73841 120
100.007 7.33846 63.2381
100.017 1 60.6361
100.01 6.41028 60.6319
0.112 2.51934 120
100.003 13.0397 64.6534
0.301 15.9156 120
100.005 12.1004 60.1036
8.882 1 120
100.014 8.56689 60.713
20.761 9.97284 120
21.803 13.7272 120
11.118 12.099 120
100.004 1.48386 66.4273
100.028 18.3938 60.1206
100.024 9.67091 60.0662
100.006 1 60.0054
1.206 1.86911 120
8.77 5.3919 120
6.643 4.2611 120
13.026 18.3014 120
1.953 9.52552 120
1.318 10.5678 120
8.41 16.917 120
14.539 5.48834 120
4.881 13.6968 120
100.019 3.32094 64.1664
14.586 9.48163 120
6.088 30.2773 120
3.933 13.4045 120
4.694 9.5592 120
14.478 23.0654 120
100.003 1.36041 71.7164
4.917 12.4855 120
100.017 14.1666 60.0811
100.006 10.5326 65.6903
100.019 13.2476 63.3228
100.01 15.7356 64.228
100.015 8.31553 65.3881
100.005 10.4023 83.4614
100.024 9.4479 63.8968
100.004 2.86931 60.0237
5.945 8.37281 120
100.019 3.25062 66.4796
100.025 13.7689 60.0176
14.791 14.7128 120
20.57 10.0103 120
2.953 10.1564 120
13.751 14.4631 120
100.017 17.7222 65.4045
100.013 3.50503 70.3109
5.555 3.99751 120
19.787 23.1813 120
3.146 1.10835 120
18.836 14.255 120
100.005 2.59166 79.1304
18.836 6.49631 120
9.981 16.1387 120
100.025 17.5233 66.6703
7.55 1 120
100.007 21.7983 60.0555
11.334 7.53633 120
3.548 9.51509 120
100.022 1.20098 60.0137
3.515 9.18514 120
2.867 5.22976 120
100.008 1.65266 60.0053
100.004 7.92074 71.2395
28.982 4.39397 120
100.015 6.37581 63.9635
100.011 6.10945 86.925
100.002 3.20066 69.0396
4.187 1 120
44.499 2.46677 120
100.01 1 98.3843
4.187 7.66862 120
45.183 24.6541 120
100.007 11.0125 69.2365
23.377 8.77263 120
1.03 17.5626 120
100.02 1.28257 70.1468
1.135 1 120
0.694 7.65457 120
100.005 27.7234 68.3298
1.2 6.00585 120
0.386 12.6055 120
2.186 1 120
100.015 11.8106 85.6075
59.421 6.27482 120
100.003 13.4464 104.869
22.241 5.70745 120
100.032 12.769 80.4628
15.418 13.6702 120
32.518 3.39839 120
100.023 1 78.2655
100.027 11.8367 80.0087
12.842 9.62412 120
22.171 12.6029 120
12.13 17.7142 120
75.506 19.2751 120
75.782 13.4585 120
0 13.0587 120
0 11.2267 120
0 6.36234 120
37.178 28.1397 120
11.97 18.9611 120
0 17.9166 120
21.363 6.53091 120
0.222 12.8897 120
0.107 10.5369 120
26.151 9.85461 120
0.056 1 120
55.567 12.3289 120
6.48 2.60481 120
0.815 1 120
0.793 10.8828 120
0.383 14.0507 120
0.336 13.7349 120
0.341 8.46881 120
0.147 15.2022 120
38.992 5.26355 120
1.056 10.3528 120
0.359 11.1856 120
0.714 8.54589 120
35.045 11.541 120
35.049 15.1593 120
0.711 7.45749 120
2.463 8.25436 120
12.673 4.7274 120
1.655 9.91124 120
0.835 14.4032 120
36.227 17.7437 120
2.62 8.85451 120
2.701 8.89659 120
