0.0 0.0
0.33 0.0
5.01 0.0
8.6 0.0
8.61 0.0
8.38 1.59
7.98 1.87
7.2 1.95
7.16 1.95
6.99 1.94
6.83 1.92
6.74 2.18
6.64 2.16
6.59 2.15
6.5 2.12
6.27 2.86
6.16 2.79
6.11 2.77
6.06 2.74
6.0 2.73
5.93 2.71
5.9 2.7
5.88 2.72
5.85 2.74
5.73 2.82
5.71 2.83
5.64 2.97
5.63 3.0
5.61 3.02
5.56 3.12
5.4 3.01
5.29 2.94
5.21 2.89
5.02 2.77
4.98 2.74
4.92 3.21
4.79 3.91
4.75 4.14
4.57 4.82
4.55 4.86
4.49 4.99
4.48 4.98
4.46 4.97
4.43 4.96
4.43 4.96
4.4 4.93
4.38 4.9
4.35 4.87
1.72 4.85
1.4 4.84
0.96 4.78
0.92 4.75
0.91 4.68
0.87 4.63
0.82 4.47
0.7 4.38
0.68 4.32
0.64 4.31
0.6 4.3
0.59 4.28
0.55 4.23
0.54 4.17
0.52 4.17
0.47 4.17
0.42 4.13
0.38 4.02
0.37 4.01
0.35 4.0
0.34 3.99
0.34 3.96
0.33 3.96
0.33 3.96
0.32 3.96
0.29 3.94
0.29 3.9
0.29 3.89
0.29 3.87
0.29 3.8
0.29 3.78
0.29 3.72
0.29 3.68
0.28 3.67
0.25 3.61
0.23 3.57
0.22 3.49
0.2 3.37
0.2 3.36
0.17 3.37
0.17 3.37
0.19 3.36
0.19 3.41
0.2 3.42
0.2 3.41
0.2 3.4
0.19 3.39
0.19 3.39
0.19 3.38
0.19 3.37
0.19 3.25
0.19 3.24
0.19 3.23
0.19 3.13
0.19 3.11
0.18 3.07
0.18 3.03
0.17 2.98
0.17 2.95
0.16 2.97
0.16 2.96
0.16 3.05
0.16 3.06
0.17 3.15
0.17 3.19
0.17 3.25
0.19 3.36
0.2 3.42
0.21 3.44
0.21 3.47
0.22 3.51
0.23 3.53
0.23 3.58
0.26 3.6
0.26 3.59
0.26 3.55
0.26 3.57
0.25 3.55
0.25 3.52
0.24 3.57
0.24 3.55
0.25 3.54
0.25 3.53
0.24 3.51
0.23 3.49
0.23 3.48
0.23 3.44
0.22 3.41
0.22 3.31
0.2 3.13
0.2 3.18
0.2 3.2
0.2 3.3
0.2 3.41
0.2 3.45
0.19 3.46
0.19 3.53
0.19 3.59
0.19 3.68
0.19 3.73
0.18 3.8
0.18 3.76
0.18 3.81
0.18 3.81
0.17 3.78
0.2 3.97
0.2 3.98
0.2 3.98
0.2 3.99
0.21 4.0
0.21 4.01
0.22 3.97
0.22 3.97
0.22 3.96
0.23 3.94
0.24 3.89
0.24 3.86
0.22 3.85
0.22 3.73
0.22 3.72
0.24 3.69
0.25 3.76
0.25 3.8
0.26 3.87
0.26 3.93
0.26 3.97
0.26 3.99
0.27 4.02
0.29 4.19
0.3 4.27
0.3 4.31
0.29 4.37
0.24 4.65
0.23 4.67
0.23 4.65
0.22 4.58
0.22 4.52
0.21 4.47
0.21 4.45
0.21 4.44
0.2 4.38
0.2 4.36
0.19 4.33
0.19 4.3
0.18 4.3
0.18 4.29
0.18 4.28
0.17 4.27
0.17 4.24
0.16 4.24
0.15 4.22
0.14 4.24
0.14 4.22
0.15 4.17
0.15 4.19
0.15 4.26
0.15 4.29
0.15 4.32
0.13 4.35
0.14 4.35
0.13 4.35
0.13 4.36
0.17 4.3
0.18 4.32
0.18 4.3
0.18 4.31
0.18 4.29
0.19 4.23
0.19 4.24
0.18 4.21
0.18 4.18
0.18 4.18
0.17 4.15
0.16 4.1
0.16 4.09
0.17 4.05
0.16 4.01
0.16 3.97
0.16 3.87
0.16 3.87
0.17 3.87
0.17 3.86
0.18 3.84
0.18 3.86
0.19 3.84
0.2 3.83
0.21 3.85
0.21 3.87
0.22 3.81
0.23 3.77
0.23 3.77
0.23 3.74
0.23 3.72
0.22 3.66
0.22 3.59
0.22 3.57
0.2 3.59
0.2 3.53
0.19 3.54
0.18 3.51
0.15 3.49
0.15 3.47
0.14 3.42
0.14 3.36
0.15 3.33
0.17 3.38
0.19 3.57
0.19 3.7
0.2 3.71
0.21 3.77
0.21 3.97
0.21 4.1
0.21 4.12
0.21 4.12
0.21 4.12
0.2 4.1
0.2 4.1
0.19 4.09
0.19 4.05
0.18 4.05
0.15 4.01
0.15 3.89
0.15 3.83
0.14 3.81
0.14 3.8
0.14 3.78
0.13 3.78
0.12 3.7
0.1 3.69
0.1 3.64
0.1 3.61
0.1 3.6
0.09 3.59
0.09 3.53
0.09 3.52
0.09 3.5
0.09 3.47
0.09 3.46
0.09 3.43
0.07 3.4
0.07 3.37
0.07 3.28
0.07 3.25
0.07 3.19
0.07 3.15
0.07 3.13
0.09 3.16
0.11 3.16
0.12 3.14
0.12 3.14
0.12 3.13
0.12 3.13
0.14 3.11
0.16 3.04
0.18 3.1
0.2 3.13
0.25 3.14
0.27 3.16
0.3 3.19
0.34 3.21
0.35 3.23
0.37 3.23
0.39 3.17
0.39 3.17
0.4 3.16
0.38 3.16
0.38 3.17
0.37 3.17
0.36 3.17
0.32 3.17
0.3 3.15
0.28 3.13
0.28 3.13
0.24 3.12
0.21 3.14
0.2 3.23
0.19 3.28
0.17 3.38
0.1 3.51
0.1 3.56
0.11 3.6
0.11 3.62
0.12 3.64
0.12 3.63
0.13 3.62
0.15 3.62
0.18 3.66
0.2 3.7
0.31 3.98
0.32 4.11
0.32 4.08
0.33 4.03
0.33 4.0
0.33 3.96
0.33 3.83
0.33 3.65
0.33 3.61
0.33 3.53
0.33 3.5
0.32 3.44
0.3 3.41
0.29 3.37
0.26 3.22
0.23 3.22
0.21 3.23
0.2 3.23
0.18 3.23
0.16 3.23
0.16 3.27
0.15 3.36
0.14 3.43
0.1 3.45
0.09 3.55
0.09 3.53
0.09 3.55
0.1 3.6
0.11 3.62
0.13 3.68
0.14 3.69
0.15 3.84
0.16 3.97
0.16 3.95
0.16 3.94
0.17 3.93
0.18 4.0
0.2 3.93
0.21 3.82
0.22 3.97
0.22 3.95
0.22 3.85
0.22 3.92
0.23 4.19
0.23 4.24
0.22 4.34
0.25 4.55
0.25 4.65
0.26 4.7
0.26 4.71
0.25 4.74
0.25 4.79
0.25 4.82
0.25 4.83
0.25 4.9
0.24 4.94
0.23 4.92
0.21 4.89
0.19 4.87
0.17 4.73
0.16 4.75
0.15 4.87
0.14 4.85
0.13 4.85
0.12 4.84
0.12 4.84
0.11 4.84
0.11 4.74
0.11 4.72
0.11 4.71
0.11 4.65
0.11 4.65
0.11 4.65
0.11 4.65
0.11 4.64
0.11 4.64
0.11 4.64
0.1 4.63
0.1 4.63
0.1 4.57
0.1 4.58
0.1 4.62
0.1 4.62
0.1 4.63
0.1 4.62
0.1 4.59
0.11 4.57
0.12 4.51
0.13 4.49
0.14 4.5
0.18 4.51
0.2 4.5
0.2 4.46
0.21 4.46
0.24 4.48
0.27 4.45
0.28 4.4
0.28 4.35
0.29 3.99
0.29 3.76
0.29 3.52
0.29 3.51
0.28 3.42
0.28 3.43
0.28 3.34
0.27 3.31
0.25 3.28
0.24 3.25
0.24 3.2
0.23 3.17
0.24 3.15
0.23 3.13
0.23 3.12
0.22 3.08
0.2 3.11
0.17 2.98
0.16 2.86
0.16 2.85
0.12 2.89
0.11 2.88
0.11 2.9
0.11 2.97
0.11 3.04
0.11 3.08
0.11 3.01
0.11 2.98
0.1 3.02
0.11 3.08
0.11 3.32
0.11 3.37
0.11 3.37
0.11 3.39
0.1 3.4
0.1 3.42
0.09 3.43
0.09 3.45
0.1 3.45
0.11 3.45
0.12 3.44
0.14 3.41
0.17 3.38
0.19 3.34
0.21 3.27
0.22 3.25
0.22 3.24
0.22 3.24
0.22 3.19
0.23 3.18
0.23 3.14
0.23 3.1
0.23 2.9
0.24 2.85
0.25 2.81
0.25 2.8
0.24 2.83
0.23 2.85
0.23 2.87
0.2 2.87
0.19 2.92
0.17 2.81
0.16 2.79
0.14 2.79
0.13 2.77
0.13 2.69
0.11 2.68
0.1 2.66
0.1 2.66
0.1 2.65
0.1 2.64
0.1 2.64
0.1 2.63
0.1 2.63
0.11 2.66
0.11 2.69
0.11 2.71
0.1 2.72
0.1 2.7
0.1 2.7
0.1 2.73
0.09 2.74
0.08 2.76
0.08 2.78
0.07 2.82
0.07 2.85
0.08 2.86
0.08 2.89
0.09 2.95
0.11 2.99
